csp,service,field_path,item_var_path,field_type,is_id,producing_op,op_kind,is_independent,root_op,chain_ops,chain_length,hop_distance,chain_ops_with_fields,operators,operators_no_value,python_call,http_path
oci,resource_manager,ocid,item.ocid,string,Yes,oci.resource_manager.list_configuration_source_providers,read_list,Yes,oci.resource_manager.list_configuration_source_providers,oci.resource_manager.list_configuration_source_providers,1,0,oci.resource_manager.list_configuration_source_providers[ocid|compartment_id|name|status|time_created|freeform_tags|defined_tags],"equals, exists, not_equals",exists,ResourceManagerClient().list_configuration_source_providers(compartment_id=compartment_id).data,/20160918/configurationSourceProviders
oci,resource_manager,compartment_id,item.compartment_id,string,Yes,oci.resource_manager.list_terraform_versions,read_list,Yes,oci.resource_manager.list_terraform_versions,oci.resource_manager.list_terraform_versions,1,0,oci.resource_manager.list_terraform_versions[ocid|compartment_id|name|status|time_created|freeform_tags|defined_tags],"equals, exists, not_equals",exists,ResourceManagerClient().list_terraform_versions(compartment_id=compartment_id).data,/20160918/terraformVersions
oci,resource_manager,configuration_source_provider.name,item.configuration_source_provider.name,string,No,oci.resource_manager.list_configuration_source_providers,read_list,Yes,oci.resource_manager.list_configuration_source_providers,oci.resource_manager.list_configuration_source_providers,1,0,oci.resource_manager.list_configuration_source_providers[ocid|compartment_id|name|status|time_created|freeform_tags|defined_tags],"contains, equals, in, not_equals",,ResourceManagerClient().list_configuration_source_providers(compartment_id=compartment_id).data,/20160918/configurationSourceProviders
oci,resource_manager,configuration_source_provider.status,item.configuration_source_provider.status,string,No,oci.resource_manager.list_configuration_source_providers,read_list,Yes,oci.resource_manager.list_configuration_source_providers,oci.resource_manager.list_configuration_source_providers,1,0,oci.resource_manager.list_configuration_source_providers[ocid|compartment_id|name|status|time_created|freeform_tags|defined_tags],"contains, equals, in, not_equals",,ResourceManagerClient().list_configuration_source_providers(compartment_id=compartment_id).data,/20160918/configurationSourceProviders
oci,resource_manager,configuration_source_provider.time_created,item.configuration_source_provider.time_created,string,No,oci.resource_manager.list_configuration_source_providers,read_list,Yes,oci.resource_manager.list_configuration_source_providers,oci.resource_manager.list_configuration_source_providers,1,0,oci.resource_manager.list_configuration_source_providers[ocid|compartment_id|name|status|time_created|freeform_tags|defined_tags],"contains, equals, exists, in, not_equals",exists,ResourceManagerClient().list_configuration_source_providers(compartment_id=compartment_id).data,/20160918/configurationSourceProviders
oci,resource_manager,configuration_source_provider.freeform_tags,item.configuration_source_provider.freeform_tags,string,No,oci.resource_manager.list_configuration_source_providers,read_list,Yes,oci.resource_manager.list_configuration_source_providers,oci.resource_manager.list_configuration_source_providers,1,0,oci.resource_manager.list_configuration_source_providers[ocid|compartment_id|name|status|time_created|freeform_tags|defined_tags],"exists, not_empty","exists, not_empty",ResourceManagerClient().list_configuration_source_providers(compartment_id=compartment_id).data,/20160918/configurationSourceProviders
oci,resource_manager,configuration_source_provider.defined_tags,item.configuration_source_provider.defined_tags,string,No,oci.resource_manager.list_configuration_source_providers,read_list,Yes,oci.resource_manager.list_configuration_source_providers,oci.resource_manager.list_configuration_source_providers,1,0,oci.resource_manager.list_configuration_source_providers[ocid|compartment_id|name|status|time_created|freeform_tags|defined_tags],"exists, not_empty","exists, not_empty",ResourceManagerClient().list_configuration_source_providers(compartment_id=compartment_id).data,/20160918/configurationSourceProviders
oci,resource_manager,job.name,item.job.name,string,No,oci.resource_manager.list_jobs,read_list,Yes,oci.resource_manager.list_jobs,oci.resource_manager.list_jobs,1,0,oci.resource_manager.list_jobs[ocid|compartment_id|name|status|time_created|freeform_tags|defined_tags],"contains, equals, in, not_equals",,ResourceManagerClient().list_jobs(compartment_id=compartment_id).data,/20160918/jobs
oci,resource_manager,job.status,item.job.status,string,No,oci.resource_manager.list_jobs,read_list,Yes,oci.resource_manager.list_jobs,oci.resource_manager.list_jobs,1,0,oci.resource_manager.list_jobs[ocid|compartment_id|name|status|time_created|freeform_tags|defined_tags],"contains, equals, in, not_equals",,ResourceManagerClient().list_jobs(compartment_id=compartment_id).data,/20160918/jobs
oci,resource_manager,job.time_created,item.job.time_created,string,No,oci.resource_manager.list_jobs,read_list,Yes,oci.resource_manager.list_jobs,oci.resource_manager.list_jobs,1,0,oci.resource_manager.list_jobs[ocid|compartment_id|name|status|time_created|freeform_tags|defined_tags],"contains, equals, exists, in, not_equals",exists,ResourceManagerClient().list_jobs(compartment_id=compartment_id).data,/20160918/jobs
oci,resource_manager,job.freeform_tags,item.job.freeform_tags,object,No,oci.resource_manager.list_jobs,read_list,Yes,oci.resource_manager.list_jobs,oci.resource_manager.list_jobs,1,0,oci.resource_manager.list_jobs[ocid|compartment_id|name|status|time_created|freeform_tags|defined_tags],"exists, not_empty","exists, not_empty",ResourceManagerClient().list_jobs(compartment_id=compartment_id).data,/20160918/jobs
oci,resource_manager,job.defined_tags,item.job.defined_tags,object,No,oci.resource_manager.list_jobs,read_list,Yes,oci.resource_manager.list_jobs,oci.resource_manager.list_jobs,1,0,oci.resource_manager.list_jobs[ocid|compartment_id|name|status|time_created|freeform_tags|defined_tags],"exists, not_empty","exists, not_empty",ResourceManagerClient().list_jobs(compartment_id=compartment_id).data,/20160918/jobs
oci,resource_manager,job_detailed_log_content.name,item.job_detailed_log_content.name,string,No,oci.resource_manager.get_job_detailed_log_content,read_get,No,oci.resource_manager.get_job_detailed_log_content,oci.resource_manager.get_job_detailed_log_content,1,0,oci.resource_manager.get_job_detailed_log_content[ocid|compartment_id|name|status|time_created|freeform_tags|defined_tags],"contains, equals, in, not_equals",,"ResourceManagerClient().get_job_detailed_log_content(compartment_id=compartment_id, job_detailed_log_content_id=job_detailed_log_content_id).data",/20160918/jobDetailedLogContents/{JobDetailedLogContentId}
oci,resource_manager,job_detailed_log_content.status,item.job_detailed_log_content.status,string,No,oci.resource_manager.get_job_detailed_log_content,read_get,No,oci.resource_manager.get_job_detailed_log_content,oci.resource_manager.get_job_detailed_log_content,1,0,oci.resource_manager.get_job_detailed_log_content[ocid|compartment_id|name|status|time_created|freeform_tags|defined_tags],"contains, equals, in, not_equals",,"ResourceManagerClient().get_job_detailed_log_content(compartment_id=compartment_id, job_detailed_log_content_id=job_detailed_log_content_id).data",/20160918/jobDetailedLogContents/{JobDetailedLogContentId}
oci,resource_manager,job_detailed_log_content.time_created,item.job_detailed_log_content.time_created,string,No,oci.resource_manager.get_job_detailed_log_content,read_get,No,oci.resource_manager.get_job_detailed_log_content,oci.resource_manager.get_job_detailed_log_content,1,0,oci.resource_manager.get_job_detailed_log_content[ocid|compartment_id|name|status|time_created|freeform_tags|defined_tags],"contains, equals, exists, in, not_equals",exists,"ResourceManagerClient().get_job_detailed_log_content(compartment_id=compartment_id, job_detailed_log_content_id=job_detailed_log_content_id).data",/20160918/jobDetailedLogContents/{JobDetailedLogContentId}
oci,resource_manager,job_detailed_log_content.freeform_tags,item.job_detailed_log_content.freeform_tags,object,No,oci.resource_manager.get_job_detailed_log_content,read_get,No,oci.resource_manager.get_job_detailed_log_content,oci.resource_manager.get_job_detailed_log_content,1,0,oci.resource_manager.get_job_detailed_log_content[ocid|compartment_id|name|status|time_created|freeform_tags|defined_tags],"exists, not_empty","exists, not_empty","ResourceManagerClient().get_job_detailed_log_content(compartment_id=compartment_id, job_detailed_log_content_id=job_detailed_log_content_id).data",/20160918/jobDetailedLogContents/{JobDetailedLogContentId}
oci,resource_manager,job_detailed_log_content.defined_tags,item.job_detailed_log_content.defined_tags,object,No,oci.resource_manager.get_job_detailed_log_content,read_get,No,oci.resource_manager.get_job_detailed_log_content,oci.resource_manager.get_job_detailed_log_content,1,0,oci.resource_manager.get_job_detailed_log_content[ocid|compartment_id|name|status|time_created|freeform_tags|defined_tags],"exists, not_empty","exists, not_empty","ResourceManagerClient().get_job_detailed_log_content(compartment_id=compartment_id, job_detailed_log_content_id=job_detailed_log_content_id).data",/20160918/jobDetailedLogContents/{JobDetailedLogContentId}
oci,resource_manager,job_log.name,item.job_log.name,string,No,oci.resource_manager.get_job_logs,read_get,No,oci.resource_manager.get_job_logs,oci.resource_manager.get_job_logs,1,0,oci.resource_manager.get_job_logs[ocid|compartment_id|name|status|time_created|freeform_tags|defined_tags],"contains, equals, in, not_equals",,"ResourceManagerClient().get_job_logs(compartment_id=compartment_id, job_log_id=job_log_id).data",/20160918/jobLogs/{JobLogsId}
oci,resource_manager,job_log.status,item.job_log.status,string,No,oci.resource_manager.get_job_logs,read_get,No,oci.resource_manager.get_job_logs,oci.resource_manager.get_job_logs,1,0,oci.resource_manager.get_job_logs[ocid|compartment_id|name|status|time_created|freeform_tags|defined_tags],"contains, equals, in, not_equals",,"ResourceManagerClient().get_job_logs(compartment_id=compartment_id, job_log_id=job_log_id).data",/20160918/jobLogs/{JobLogsId}
oci,resource_manager,job_log.time_created,item.job_log.time_created,string,No,oci.resource_manager.get_job_logs,read_get,No,oci.resource_manager.get_job_logs,oci.resource_manager.get_job_logs,1,0,oci.resource_manager.get_job_logs[ocid|compartment_id|name|status|time_created|freeform_tags|defined_tags],"contains, equals, exists, in, not_equals",exists,"ResourceManagerClient().get_job_logs(compartment_id=compartment_id, job_log_id=job_log_id).data",/20160918/jobLogs/{JobLogsId}
oci,resource_manager,job_log.freeform_tags,item.job_log.freeform_tags,object,No,oci.resource_manager.get_job_logs,read_get,No,oci.resource_manager.get_job_logs,oci.resource_manager.get_job_logs,1,0,oci.resource_manager.get_job_logs[ocid|compartment_id|name|status|time_created|freeform_tags|defined_tags],"exists, not_empty","exists, not_empty","ResourceManagerClient().get_job_logs(compartment_id=compartment_id, job_log_id=job_log_id).data",/20160918/jobLogs/{JobLogsId}
oci,resource_manager,job_log.defined_tags,item.job_log.defined_tags,object,No,oci.resource_manager.get_job_logs,read_get,No,oci.resource_manager.get_job_logs,oci.resource_manager.get_job_logs,1,0,oci.resource_manager.get_job_logs[ocid|compartment_id|name|status|time_created|freeform_tags|defined_tags],"exists, not_empty","exists, not_empty","ResourceManagerClient().get_job_logs(compartment_id=compartment_id, job_log_id=job_log_id).data",/20160918/jobLogs/{JobLogsId}
oci,resource_manager,job_logs_content.name,item.job_logs_content.name,string,No,oci.resource_manager.get_job_logs_content,read_get,No,oci.resource_manager.get_job_logs_content,oci.resource_manager.get_job_logs_content,1,0,oci.resource_manager.get_job_logs_content[ocid|compartment_id|name|status|time_created|freeform_tags|defined_tags],"contains, equals, in, not_equals",,"ResourceManagerClient().get_job_logs_content(compartment_id=compartment_id, job_logs_content_id=job_logs_content_id).data",/20160918/jobLogsContents/{JobLogsContentId}
oci,resource_manager,job_logs_content.status,item.job_logs_content.status,string,No,oci.resource_manager.get_job_logs_content,read_get,No,oci.resource_manager.get_job_logs_content,oci.resource_manager.get_job_logs_content,1,0,oci.resource_manager.get_job_logs_content[ocid|compartment_id|name|status|time_created|freeform_tags|defined_tags],"contains, equals, in, not_equals",,"ResourceManagerClient().get_job_logs_content(compartment_id=compartment_id, job_logs_content_id=job_logs_content_id).data",/20160918/jobLogsContents/{JobLogsContentId}
oci,resource_manager,job_logs_content.time_created,item.job_logs_content.time_created,string,No,oci.resource_manager.get_job_logs_content,read_get,No,oci.resource_manager.get_job_logs_content,oci.resource_manager.get_job_logs_content,1,0,oci.resource_manager.get_job_logs_content[ocid|compartment_id|name|status|time_created|freeform_tags|defined_tags],"contains, equals, exists, in, not_equals",exists,"ResourceManagerClient().get_job_logs_content(compartment_id=compartment_id, job_logs_content_id=job_logs_content_id).data",/20160918/jobLogsContents/{JobLogsContentId}
oci,resource_manager,job_logs_content.freeform_tags,item.job_logs_content.freeform_tags,object,No,oci.resource_manager.get_job_logs_content,read_get,No,oci.resource_manager.get_job_logs_content,oci.resource_manager.get_job_logs_content,1,0,oci.resource_manager.get_job_logs_content[ocid|compartment_id|name|status|time_created|freeform_tags|defined_tags],"exists, not_empty","exists, not_empty","ResourceManagerClient().get_job_logs_content(compartment_id=compartment_id, job_logs_content_id=job_logs_content_id).data",/20160918/jobLogsContents/{JobLogsContentId}
oci,resource_manager,job_logs_content.defined_tags,item.job_logs_content.defined_tags,object,No,oci.resource_manager.get_job_logs_content,read_get,No,oci.resource_manager.get_job_logs_content,oci.resource_manager.get_job_logs_content,1,0,oci.resource_manager.get_job_logs_content[ocid|compartment_id|name|status|time_created|freeform_tags|defined_tags],"exists, not_empty","exists, not_empty","ResourceManagerClient().get_job_logs_content(compartment_id=compartment_id, job_logs_content_id=job_logs_content_id).data",/20160918/jobLogsContents/{JobLogsContentId}
oci,resource_manager,job_tf_config.name,item.job_tf_config.name,string,No,oci.resource_manager.get_job_tf_config,read_get,No,oci.resource_manager.get_job_tf_config,oci.resource_manager.get_job_tf_config,1,0,oci.resource_manager.get_job_tf_config[ocid|compartment_id|name|status|time_created|freeform_tags|defined_tags],"contains, equals, in, not_equals",,"ResourceManagerClient().get_job_tf_config(compartment_id=compartment_id, job_tf_config_id=job_tf_config_id).data",/20160918/jobTfConfigs/{JobTfConfigId}
oci,resource_manager,job_tf_config.status,item.job_tf_config.status,string,No,oci.resource_manager.get_job_tf_config,read_get,No,oci.resource_manager.get_job_tf_config,oci.resource_manager.get_job_tf_config,1,0,oci.resource_manager.get_job_tf_config[ocid|compartment_id|name|status|time_created|freeform_tags|defined_tags],"contains, equals, in, not_equals",,"ResourceManagerClient().get_job_tf_config(compartment_id=compartment_id, job_tf_config_id=job_tf_config_id).data",/20160918/jobTfConfigs/{JobTfConfigId}
oci,resource_manager,job_tf_config.time_created,item.job_tf_config.time_created,string,No,oci.resource_manager.get_job_tf_config,read_get,No,oci.resource_manager.get_job_tf_config,oci.resource_manager.get_job_tf_config,1,0,oci.resource_manager.get_job_tf_config[ocid|compartment_id|name|status|time_created|freeform_tags|defined_tags],"contains, equals, exists, in, not_equals",exists,"ResourceManagerClient().get_job_tf_config(compartment_id=compartment_id, job_tf_config_id=job_tf_config_id).data",/20160918/jobTfConfigs/{JobTfConfigId}
oci,resource_manager,job_tf_config.freeform_tags,item.job_tf_config.freeform_tags,object,No,oci.resource_manager.get_job_tf_config,read_get,No,oci.resource_manager.get_job_tf_config,oci.resource_manager.get_job_tf_config,1,0,oci.resource_manager.get_job_tf_config[ocid|compartment_id|name|status|time_created|freeform_tags|defined_tags],"exists, not_empty","exists, not_empty","ResourceManagerClient().get_job_tf_config(compartment_id=compartment_id, job_tf_config_id=job_tf_config_id).data",/20160918/jobTfConfigs/{JobTfConfigId}
oci,resource_manager,job_tf_config.defined_tags,item.job_tf_config.defined_tags,object,No,oci.resource_manager.get_job_tf_config,read_get,No,oci.resource_manager.get_job_tf_config,oci.resource_manager.get_job_tf_config,1,0,oci.resource_manager.get_job_tf_config[ocid|compartment_id|name|status|time_created|freeform_tags|defined_tags],"exists, not_empty","exists, not_empty","ResourceManagerClient().get_job_tf_config(compartment_id=compartment_id, job_tf_config_id=job_tf_config_id).data",/20160918/jobTfConfigs/{JobTfConfigId}
oci,resource_manager,job_tf_plan.name,item.job_tf_plan.name,string,No,oci.resource_manager.get_job_tf_plan,read_get,No,oci.resource_manager.get_job_tf_plan,oci.resource_manager.get_job_tf_plan,1,0,oci.resource_manager.get_job_tf_plan[ocid|compartment_id|name|status|time_created|freeform_tags|defined_tags],"contains, equals, in, not_equals",,"ResourceManagerClient().get_job_tf_plan(compartment_id=compartment_id, job_tf_plan_id=job_tf_plan_id).data",/20160918/jobTfPlans/{JobTfPlanId}
oci,resource_manager,job_tf_plan.status,item.job_tf_plan.status,string,No,oci.resource_manager.get_job_tf_plan,read_get,No,oci.resource_manager.get_job_tf_plan,oci.resource_manager.get_job_tf_plan,1,0,oci.resource_manager.get_job_tf_plan[ocid|compartment_id|name|status|time_created|freeform_tags|defined_tags],"contains, equals, in, not_equals",,"ResourceManagerClient().get_job_tf_plan(compartment_id=compartment_id, job_tf_plan_id=job_tf_plan_id).data",/20160918/jobTfPlans/{JobTfPlanId}
oci,resource_manager,job_tf_plan.time_created,item.job_tf_plan.time_created,string,No,oci.resource_manager.get_job_tf_plan,read_get,No,oci.resource_manager.get_job_tf_plan,oci.resource_manager.get_job_tf_plan,1,0,oci.resource_manager.get_job_tf_plan[ocid|compartment_id|name|status|time_created|freeform_tags|defined_tags],"contains, equals, exists, in, not_equals",exists,"ResourceManagerClient().get_job_tf_plan(compartment_id=compartment_id, job_tf_plan_id=job_tf_plan_id).data",/20160918/jobTfPlans/{JobTfPlanId}
oci,resource_manager,job_tf_plan.freeform_tags,item.job_tf_plan.freeform_tags,object,No,oci.resource_manager.get_job_tf_plan,read_get,No,oci.resource_manager.get_job_tf_plan,oci.resource_manager.get_job_tf_plan,1,0,oci.resource_manager.get_job_tf_plan[ocid|compartment_id|name|status|time_created|freeform_tags|defined_tags],"exists, not_empty","exists, not_empty","ResourceManagerClient().get_job_tf_plan(compartment_id=compartment_id, job_tf_plan_id=job_tf_plan_id).data",/20160918/jobTfPlans/{JobTfPlanId}
oci,resource_manager,job_tf_plan.defined_tags,item.job_tf_plan.defined_tags,object,No,oci.resource_manager.get_job_tf_plan,read_get,No,oci.resource_manager.get_job_tf_plan,oci.resource_manager.get_job_tf_plan,1,0,oci.resource_manager.get_job_tf_plan[ocid|compartment_id|name|status|time_created|freeform_tags|defined_tags],"exists, not_empty","exists, not_empty","ResourceManagerClient().get_job_tf_plan(compartment_id=compartment_id, job_tf_plan_id=job_tf_plan_id).data",/20160918/jobTfPlans/{JobTfPlanId}
oci,resource_manager,job_tf_state.name,item.job_tf_state.name,string,No,oci.resource_manager.get_job_tf_state,read_get,No,oci.resource_manager.get_job_tf_state,oci.resource_manager.get_job_tf_state,1,0,oci.resource_manager.get_job_tf_state[ocid|compartment_id|name|status|time_created|freeform_tags|defined_tags],"contains, equals, in, not_equals",,"ResourceManagerClient().get_job_tf_state(compartment_id=compartment_id, job_tf_state_id=job_tf_state_id).data",/20160918/jobTfStates/{JobTfStateId}
oci,resource_manager,job_tf_state.status,item.job_tf_state.status,string,No,oci.resource_manager.get_job_tf_state,read_get,No,oci.resource_manager.get_job_tf_state,oci.resource_manager.get_job_tf_state,1,0,oci.resource_manager.get_job_tf_state[ocid|compartment_id|name|status|time_created|freeform_tags|defined_tags],"contains, equals, in, not_equals",,"ResourceManagerClient().get_job_tf_state(compartment_id=compartment_id, job_tf_state_id=job_tf_state_id).data",/20160918/jobTfStates/{JobTfStateId}
oci,resource_manager,job_tf_state.time_created,item.job_tf_state.time_created,string,No,oci.resource_manager.get_job_tf_state,read_get,No,oci.resource_manager.get_job_tf_state,oci.resource_manager.get_job_tf_state,1,0,oci.resource_manager.get_job_tf_state[ocid|compartment_id|name|status|time_created|freeform_tags|defined_tags],"contains, equals, exists, in, not_equals",exists,"ResourceManagerClient().get_job_tf_state(compartment_id=compartment_id, job_tf_state_id=job_tf_state_id).data",/20160918/jobTfStates/{JobTfStateId}
oci,resource_manager,job_tf_state.freeform_tags,item.job_tf_state.freeform_tags,string,No,oci.resource_manager.get_job_tf_state,read_get,No,oci.resource_manager.get_job_tf_state,oci.resource_manager.get_job_tf_state,1,0,oci.resource_manager.get_job_tf_state[ocid|compartment_id|name|status|time_created|freeform_tags|defined_tags],"exists, not_empty","exists, not_empty","ResourceManagerClient().get_job_tf_state(compartment_id=compartment_id, job_tf_state_id=job_tf_state_id).data",/20160918/jobTfStates/{JobTfStateId}
oci,resource_manager,job_tf_state.defined_tags,item.job_tf_state.defined_tags,string,No,oci.resource_manager.get_job_tf_state,read_get,No,oci.resource_manager.get_job_tf_state,oci.resource_manager.get_job_tf_state,1,0,oci.resource_manager.get_job_tf_state[ocid|compartment_id|name|status|time_created|freeform_tags|defined_tags],"exists, not_empty","exists, not_empty","ResourceManagerClient().get_job_tf_state(compartment_id=compartment_id, job_tf_state_id=job_tf_state_id).data",/20160918/jobTfStates/{JobTfStateId}
oci,resource_manager,private_endpoint.name,item.private_endpoint.name,string,No,oci.resource_manager.list_private_endpoints,read_list,Yes,oci.resource_manager.list_private_endpoints,oci.resource_manager.list_private_endpoints,1,0,oci.resource_manager.list_private_endpoints[ocid|compartment_id|name|status|time_created|freeform_tags|defined_tags],"contains, equals, in, not_equals",,ResourceManagerClient().list_private_endpoints(compartment_id=compartment_id).data,/20160918/privateEndpoints
oci,resource_manager,private_endpoint.status,item.private_endpoint.status,string,No,oci.resource_manager.list_private_endpoints,read_list,Yes,oci.resource_manager.list_private_endpoints,oci.resource_manager.list_private_endpoints,1,0,oci.resource_manager.list_private_endpoints[ocid|compartment_id|name|status|time_created|freeform_tags|defined_tags],"contains, equals, in, not_equals",,ResourceManagerClient().list_private_endpoints(compartment_id=compartment_id).data,/20160918/privateEndpoints
oci,resource_manager,private_endpoint.time_created,item.private_endpoint.time_created,string,No,oci.resource_manager.list_private_endpoints,read_list,Yes,oci.resource_manager.list_private_endpoints,oci.resource_manager.list_private_endpoints,1,0,oci.resource_manager.list_private_endpoints[ocid|compartment_id|name|status|time_created|freeform_tags|defined_tags],"contains, equals, exists, in, not_equals",exists,ResourceManagerClient().list_private_endpoints(compartment_id=compartment_id).data,/20160918/privateEndpoints
oci,resource_manager,private_endpoint.freeform_tags,item.private_endpoint.freeform_tags,object,No,oci.resource_manager.list_private_endpoints,read_list,Yes,oci.resource_manager.list_private_endpoints,oci.resource_manager.list_private_endpoints,1,0,oci.resource_manager.list_private_endpoints[ocid|compartment_id|name|status|time_created|freeform_tags|defined_tags],"exists, not_empty","exists, not_empty",ResourceManagerClient().list_private_endpoints(compartment_id=compartment_id).data,/20160918/privateEndpoints
oci,resource_manager,private_endpoint.defined_tags,item.private_endpoint.defined_tags,object,No,oci.resource_manager.list_private_endpoints,read_list,Yes,oci.resource_manager.list_private_endpoints,oci.resource_manager.list_private_endpoints,1,0,oci.resource_manager.list_private_endpoints[ocid|compartment_id|name|status|time_created|freeform_tags|defined_tags],"exists, not_empty","exists, not_empty",ResourceManagerClient().list_private_endpoints(compartment_id=compartment_id).data,/20160918/privateEndpoints
oci,resource_manager,reachable_ip.name,item.reachable_ip.name,string,No,oci.resource_manager.get_reachable_ip,read_get,No,oci.resource_manager.get_reachable_ip,oci.resource_manager.get_reachable_ip,1,0,oci.resource_manager.get_reachable_ip[ocid|compartment_id|name|status|time_created|freeform_tags|defined_tags],"contains, equals, in, not_equals",,"ResourceManagerClient().get_reachable_ip(compartment_id=compartment_id, reachable_ip_id=reachable_ip_id).data",/20160918/reachableIps/{ReachableIpId}
oci,resource_manager,reachable_ip.status,item.reachable_ip.status,string,No,oci.resource_manager.get_reachable_ip,read_get,No,oci.resource_manager.get_reachable_ip,oci.resource_manager.get_reachable_ip,1,0,oci.resource_manager.get_reachable_ip[ocid|compartment_id|name|status|time_created|freeform_tags|defined_tags],"contains, equals, in, not_equals",,"ResourceManagerClient().get_reachable_ip(compartment_id=compartment_id, reachable_ip_id=reachable_ip_id).data",/20160918/reachableIps/{ReachableIpId}
oci,resource_manager,reachable_ip.time_created,item.reachable_ip.time_created,string,No,oci.resource_manager.get_reachable_ip,read_get,No,oci.resource_manager.get_reachable_ip,oci.resource_manager.get_reachable_ip,1,0,oci.resource_manager.get_reachable_ip[ocid|compartment_id|name|status|time_created|freeform_tags|defined_tags],"contains, equals, exists, in, not_equals",exists,"ResourceManagerClient().get_reachable_ip(compartment_id=compartment_id, reachable_ip_id=reachable_ip_id).data",/20160918/reachableIps/{ReachableIpId}
oci,resource_manager,reachable_ip.freeform_tags,item.reachable_ip.freeform_tags,object,No,oci.resource_manager.get_reachable_ip,read_get,No,oci.resource_manager.get_reachable_ip,oci.resource_manager.get_reachable_ip,1,0,oci.resource_manager.get_reachable_ip[ocid|compartment_id|name|status|time_created|freeform_tags|defined_tags],"exists, not_empty","exists, not_empty","ResourceManagerClient().get_reachable_ip(compartment_id=compartment_id, reachable_ip_id=reachable_ip_id).data",/20160918/reachableIps/{ReachableIpId}
oci,resource_manager,reachable_ip.defined_tags,item.reachable_ip.defined_tags,object,No,oci.resource_manager.get_reachable_ip,read_get,No,oci.resource_manager.get_reachable_ip,oci.resource_manager.get_reachable_ip,1,0,oci.resource_manager.get_reachable_ip[ocid|compartment_id|name|status|time_created|freeform_tags|defined_tags],"exists, not_empty","exists, not_empty","ResourceManagerClient().get_reachable_ip(compartment_id=compartment_id, reachable_ip_id=reachable_ip_id).data",/20160918/reachableIps/{ReachableIpId}
oci,resource_manager,stack.name,item.stack.name,string,No,oci.resource_manager.list_stacks,read_list,Yes,oci.resource_manager.list_stacks,oci.resource_manager.list_stacks,1,0,oci.resource_manager.list_stacks[ocid|compartment_id|name|status|time_created|freeform_tags|defined_tags],"contains, equals, in, not_equals",,ResourceManagerClient().list_stacks(compartment_id=compartment_id).data,/20160918/stacks
oci,resource_manager,stack.status,item.stack.status,string,No,oci.resource_manager.list_stacks,read_list,Yes,oci.resource_manager.list_stacks,oci.resource_manager.list_stacks,1,0,oci.resource_manager.list_stacks[ocid|compartment_id|name|status|time_created|freeform_tags|defined_tags],"contains, equals, in, not_equals",,ResourceManagerClient().list_stacks(compartment_id=compartment_id).data,/20160918/stacks
oci,resource_manager,stack.time_created,item.stack.time_created,string,No,oci.resource_manager.list_stacks,read_list,Yes,oci.resource_manager.list_stacks,oci.resource_manager.list_stacks,1,0,oci.resource_manager.list_stacks[ocid|compartment_id|name|status|time_created|freeform_tags|defined_tags],"contains, equals, exists, in, not_equals",exists,ResourceManagerClient().list_stacks(compartment_id=compartment_id).data,/20160918/stacks
oci,resource_manager,stack.freeform_tags,item.stack.freeform_tags,object,No,oci.resource_manager.list_stacks,read_list,Yes,oci.resource_manager.list_stacks,oci.resource_manager.list_stacks,1,0,oci.resource_manager.list_stacks[ocid|compartment_id|name|status|time_created|freeform_tags|defined_tags],"exists, not_empty","exists, not_empty",ResourceManagerClient().list_stacks(compartment_id=compartment_id).data,/20160918/stacks
oci,resource_manager,stack.defined_tags,item.stack.defined_tags,object,No,oci.resource_manager.list_stacks,read_list,Yes,oci.resource_manager.list_stacks,oci.resource_manager.list_stacks,1,0,oci.resource_manager.list_stacks[ocid|compartment_id|name|status|time_created|freeform_tags|defined_tags],"exists, not_empty","exists, not_empty",ResourceManagerClient().list_stacks(compartment_id=compartment_id).data,/20160918/stacks
oci,resource_manager,stack_tf_config.name,item.stack_tf_config.name,string,No,oci.resource_manager.get_stack_tf_config,read_get,No,oci.resource_manager.get_stack_tf_config,oci.resource_manager.get_stack_tf_config,1,0,oci.resource_manager.get_stack_tf_config[ocid|compartment_id|name|status|time_created|freeform_tags|defined_tags],"contains, equals, in, not_equals",,"ResourceManagerClient().get_stack_tf_config(compartment_id=compartment_id, stack_tf_config_id=stack_tf_config_id).data",/20160918/stackTfConfigs/{StackTfConfigId}
oci,resource_manager,stack_tf_config.status,item.stack_tf_config.status,string,No,oci.resource_manager.get_stack_tf_config,read_get,No,oci.resource_manager.get_stack_tf_config,oci.resource_manager.get_stack_tf_config,1,0,oci.resource_manager.get_stack_tf_config[ocid|compartment_id|name|status|time_created|freeform_tags|defined_tags],"contains, equals, in, not_equals",,"ResourceManagerClient().get_stack_tf_config(compartment_id=compartment_id, stack_tf_config_id=stack_tf_config_id).data",/20160918/stackTfConfigs/{StackTfConfigId}
oci,resource_manager,stack_tf_config.time_created,item.stack_tf_config.time_created,string,No,oci.resource_manager.get_stack_tf_config,read_get,No,oci.resource_manager.get_stack_tf_config,oci.resource_manager.get_stack_tf_config,1,0,oci.resource_manager.get_stack_tf_config[ocid|compartment_id|name|status|time_created|freeform_tags|defined_tags],"contains, equals, exists, in, not_equals",exists,"ResourceManagerClient().get_stack_tf_config(compartment_id=compartment_id, stack_tf_config_id=stack_tf_config_id).data",/20160918/stackTfConfigs/{StackTfConfigId}
oci,resource_manager,stack_tf_config.freeform_tags,item.stack_tf_config.freeform_tags,object,No,oci.resource_manager.get_stack_tf_config,read_get,No,oci.resource_manager.get_stack_tf_config,oci.resource_manager.get_stack_tf_config,1,0,oci.resource_manager.get_stack_tf_config[ocid|compartment_id|name|status|time_created|freeform_tags|defined_tags],"exists, not_empty","exists, not_empty","ResourceManagerClient().get_stack_tf_config(compartment_id=compartment_id, stack_tf_config_id=stack_tf_config_id).data",/20160918/stackTfConfigs/{StackTfConfigId}
oci,resource_manager,stack_tf_config.defined_tags,item.stack_tf_config.defined_tags,object,No,oci.resource_manager.get_stack_tf_config,read_get,No,oci.resource_manager.get_stack_tf_config,oci.resource_manager.get_stack_tf_config,1,0,oci.resource_manager.get_stack_tf_config[ocid|compartment_id|name|status|time_created|freeform_tags|defined_tags],"exists, not_empty","exists, not_empty","ResourceManagerClient().get_stack_tf_config(compartment_id=compartment_id, stack_tf_config_id=stack_tf_config_id).data",/20160918/stackTfConfigs/{StackTfConfigId}
oci,resource_manager,stack_tf_state.name,item.stack_tf_state.name,string,No,oci.resource_manager.get_stack_tf_state,read_get,No,oci.resource_manager.get_stack_tf_state,oci.resource_manager.get_stack_tf_state,1,0,oci.resource_manager.get_stack_tf_state[ocid|compartment_id|name|status|time_created|freeform_tags|defined_tags],"contains, equals, in, not_equals",,"ResourceManagerClient().get_stack_tf_state(compartment_id=compartment_id, stack_tf_state_id=stack_tf_state_id).data",/20160918/stackTfStates/{StackTfStateId}
oci,resource_manager,stack_tf_state.status,item.stack_tf_state.status,string,No,oci.resource_manager.get_stack_tf_state,read_get,No,oci.resource_manager.get_stack_tf_state,oci.resource_manager.get_stack_tf_state,1,0,oci.resource_manager.get_stack_tf_state[ocid|compartment_id|name|status|time_created|freeform_tags|defined_tags],"contains, equals, in, not_equals",,"ResourceManagerClient().get_stack_tf_state(compartment_id=compartment_id, stack_tf_state_id=stack_tf_state_id).data",/20160918/stackTfStates/{StackTfStateId}
oci,resource_manager,stack_tf_state.time_created,item.stack_tf_state.time_created,string,No,oci.resource_manager.get_stack_tf_state,read_get,No,oci.resource_manager.get_stack_tf_state,oci.resource_manager.get_stack_tf_state,1,0,oci.resource_manager.get_stack_tf_state[ocid|compartment_id|name|status|time_created|freeform_tags|defined_tags],"contains, equals, exists, in, not_equals",exists,"ResourceManagerClient().get_stack_tf_state(compartment_id=compartment_id, stack_tf_state_id=stack_tf_state_id).data",/20160918/stackTfStates/{StackTfStateId}
oci,resource_manager,stack_tf_state.freeform_tags,item.stack_tf_state.freeform_tags,string,No,oci.resource_manager.get_stack_tf_state,read_get,No,oci.resource_manager.get_stack_tf_state,oci.resource_manager.get_stack_tf_state,1,0,oci.resource_manager.get_stack_tf_state[ocid|compartment_id|name|status|time_created|freeform_tags|defined_tags],"exists, not_empty","exists, not_empty","ResourceManagerClient().get_stack_tf_state(compartment_id=compartment_id, stack_tf_state_id=stack_tf_state_id).data",/20160918/stackTfStates/{StackTfStateId}
oci,resource_manager,stack_tf_state.defined_tags,item.stack_tf_state.defined_tags,string,No,oci.resource_manager.get_stack_tf_state,read_get,No,oci.resource_manager.get_stack_tf_state,oci.resource_manager.get_stack_tf_state,1,0,oci.resource_manager.get_stack_tf_state[ocid|compartment_id|name|status|time_created|freeform_tags|defined_tags],"exists, not_empty","exists, not_empty","ResourceManagerClient().get_stack_tf_state(compartment_id=compartment_id, stack_tf_state_id=stack_tf_state_id).data",/20160918/stackTfStates/{StackTfStateId}
oci,resource_manager,template.name,item.template.name,string,No,oci.resource_manager.get_template,read_get,No,oci.resource_manager.list_templates,oci.resource_manager.list_templates → oci.resource_manager.get_template,2,1,oci.resource_manager.list_templates[ocid|compartment_id|name|status|time_created|freeform_tags|defined_tags] → oci.resource_manager.get_template[ocid|compartment_id|name|status|time_created|freeform_tags|defined_tags],"contains, equals, in, not_equals",,"ResourceManagerClient().get_template(compartment_id=compartment_id, template_id=template_id).data",/20160918/templates/{TemplateId}
oci,resource_manager,template.status,item.template.status,string,No,oci.resource_manager.get_template,read_get,No,oci.resource_manager.list_templates,oci.resource_manager.list_templates → oci.resource_manager.get_template,2,1,oci.resource_manager.list_templates[ocid|compartment_id|name|status|time_created|freeform_tags|defined_tags] → oci.resource_manager.get_template[ocid|compartment_id|name|status|time_created|freeform_tags|defined_tags],"contains, equals, in, not_equals",,"ResourceManagerClient().get_template(compartment_id=compartment_id, template_id=template_id).data",/20160918/templates/{TemplateId}
oci,resource_manager,template.time_created,item.template.time_created,string,No,oci.resource_manager.get_template,read_get,No,oci.resource_manager.list_templates,oci.resource_manager.list_templates → oci.resource_manager.get_template,2,1,oci.resource_manager.list_templates[ocid|compartment_id|name|status|time_created|freeform_tags|defined_tags] → oci.resource_manager.get_template[ocid|compartment_id|name|status|time_created|freeform_tags|defined_tags],"contains, equals, exists, in, not_equals",exists,"ResourceManagerClient().get_template(compartment_id=compartment_id, template_id=template_id).data",/20160918/templates/{TemplateId}
oci,resource_manager,template.freeform_tags,item.template.freeform_tags,object,No,oci.resource_manager.get_template,read_get,No,oci.resource_manager.list_templates,oci.resource_manager.list_templates → oci.resource_manager.get_template,2,1,oci.resource_manager.list_templates[ocid|compartment_id|name|status|time_created|freeform_tags|defined_tags] → oci.resource_manager.get_template[ocid|compartment_id|name|status|time_created|freeform_tags|defined_tags],"exists, not_empty","exists, not_empty","ResourceManagerClient().get_template(compartment_id=compartment_id, template_id=template_id).data",/20160918/templates/{TemplateId}
oci,resource_manager,template.defined_tags,item.template.defined_tags,object,No,oci.resource_manager.get_template,read_get,No,oci.resource_manager.list_templates,oci.resource_manager.list_templates → oci.resource_manager.get_template,2,1,oci.resource_manager.list_templates[ocid|compartment_id|name|status|time_created|freeform_tags|defined_tags] → oci.resource_manager.get_template[ocid|compartment_id|name|status|time_created|freeform_tags|defined_tags],"exists, not_empty","exists, not_empty","ResourceManagerClient().get_template(compartment_id=compartment_id, template_id=template_id).data",/20160918/templates/{TemplateId}
oci,resource_manager,template_logo.name,item.template_logo.name,string,No,oci.resource_manager.get_template_logo,read_get,No,oci.resource_manager.get_template_logo,oci.resource_manager.get_template_logo,1,0,oci.resource_manager.get_template_logo[ocid|compartment_id|name|status|time_created|freeform_tags|defined_tags],"contains, equals, in, not_equals",,"ResourceManagerClient().get_template_logo(compartment_id=compartment_id, template_logo_id=template_logo_id).data",/20160918/templateLogos/{TemplateLogoId}
oci,resource_manager,template_logo.status,item.template_logo.status,string,No,oci.resource_manager.get_template_logo,read_get,No,oci.resource_manager.get_template_logo,oci.resource_manager.get_template_logo,1,0,oci.resource_manager.get_template_logo[ocid|compartment_id|name|status|time_created|freeform_tags|defined_tags],"contains, equals, in, not_equals",,"ResourceManagerClient().get_template_logo(compartment_id=compartment_id, template_logo_id=template_logo_id).data",/20160918/templateLogos/{TemplateLogoId}
oci,resource_manager,template_logo.time_created,item.template_logo.time_created,string,No,oci.resource_manager.get_template_logo,read_get,No,oci.resource_manager.get_template_logo,oci.resource_manager.get_template_logo,1,0,oci.resource_manager.get_template_logo[ocid|compartment_id|name|status|time_created|freeform_tags|defined_tags],"contains, equals, exists, in, not_equals",exists,"ResourceManagerClient().get_template_logo(compartment_id=compartment_id, template_logo_id=template_logo_id).data",/20160918/templateLogos/{TemplateLogoId}
oci,resource_manager,template_logo.freeform_tags,item.template_logo.freeform_tags,object,No,oci.resource_manager.get_template_logo,read_get,No,oci.resource_manager.get_template_logo,oci.resource_manager.get_template_logo,1,0,oci.resource_manager.get_template_logo[ocid|compartment_id|name|status|time_created|freeform_tags|defined_tags],"exists, not_empty","exists, not_empty","ResourceManagerClient().get_template_logo(compartment_id=compartment_id, template_logo_id=template_logo_id).data",/20160918/templateLogos/{TemplateLogoId}
oci,resource_manager,template_logo.defined_tags,item.template_logo.defined_tags,object,No,oci.resource_manager.get_template_logo,read_get,No,oci.resource_manager.get_template_logo,oci.resource_manager.get_template_logo,1,0,oci.resource_manager.get_template_logo[ocid|compartment_id|name|status|time_created|freeform_tags|defined_tags],"exists, not_empty","exists, not_empty","ResourceManagerClient().get_template_logo(compartment_id=compartment_id, template_logo_id=template_logo_id).data",/20160918/templateLogos/{TemplateLogoId}
oci,resource_manager,template_tf_config.name,item.template_tf_config.name,string,No,oci.resource_manager.get_template_tf_config,read_get,No,oci.resource_manager.get_template_tf_config,oci.resource_manager.get_template_tf_config,1,0,oci.resource_manager.get_template_tf_config[ocid|compartment_id|name|status|time_created|freeform_tags|defined_tags],"contains, equals, in, not_equals",,"ResourceManagerClient().get_template_tf_config(compartment_id=compartment_id, template_tf_config_id=template_tf_config_id).data",/20160918/templateTfConfigs/{TemplateTfConfigId}
oci,resource_manager,template_tf_config.status,item.template_tf_config.status,string,No,oci.resource_manager.get_template_tf_config,read_get,No,oci.resource_manager.get_template_tf_config,oci.resource_manager.get_template_tf_config,1,0,oci.resource_manager.get_template_tf_config[ocid|compartment_id|name|status|time_created|freeform_tags|defined_tags],"contains, equals, in, not_equals",,"ResourceManagerClient().get_template_tf_config(compartment_id=compartment_id, template_tf_config_id=template_tf_config_id).data",/20160918/templateTfConfigs/{TemplateTfConfigId}
oci,resource_manager,template_tf_config.time_created,item.template_tf_config.time_created,string,No,oci.resource_manager.get_template_tf_config,read_get,No,oci.resource_manager.get_template_tf_config,oci.resource_manager.get_template_tf_config,1,0,oci.resource_manager.get_template_tf_config[ocid|compartment_id|name|status|time_created|freeform_tags|defined_tags],"contains, equals, exists, in, not_equals",exists,"ResourceManagerClient().get_template_tf_config(compartment_id=compartment_id, template_tf_config_id=template_tf_config_id).data",/20160918/templateTfConfigs/{TemplateTfConfigId}
oci,resource_manager,template_tf_config.freeform_tags,item.template_tf_config.freeform_tags,object,No,oci.resource_manager.get_template_tf_config,read_get,No,oci.resource_manager.get_template_tf_config,oci.resource_manager.get_template_tf_config,1,0,oci.resource_manager.get_template_tf_config[ocid|compartment_id|name|status|time_created|freeform_tags|defined_tags],"exists, not_empty","exists, not_empty","ResourceManagerClient().get_template_tf_config(compartment_id=compartment_id, template_tf_config_id=template_tf_config_id).data",/20160918/templateTfConfigs/{TemplateTfConfigId}
oci,resource_manager,template_tf_config.defined_tags,item.template_tf_config.defined_tags,object,No,oci.resource_manager.get_template_tf_config,read_get,No,oci.resource_manager.get_template_tf_config,oci.resource_manager.get_template_tf_config,1,0,oci.resource_manager.get_template_tf_config[ocid|compartment_id|name|status|time_created|freeform_tags|defined_tags],"exists, not_empty","exists, not_empty","ResourceManagerClient().get_template_tf_config(compartment_id=compartment_id, template_tf_config_id=template_tf_config_id).data",/20160918/templateTfConfigs/{TemplateTfConfigId}
oci,resource_manager,work_request.name,item.work_request.name,string,No,oci.resource_manager.list_work_requests,read_list,Yes,oci.resource_manager.list_work_requests,oci.resource_manager.list_work_requests,1,0,oci.resource_manager.list_work_requests[ocid|compartment_id|name|status|time_created|freeform_tags|defined_tags],"contains, equals, in, not_equals",,ResourceManagerClient().list_work_requests(compartment_id=compartment_id).data,/20160918/workRequests
oci,resource_manager,work_request.status,item.work_request.status,string,No,oci.resource_manager.list_work_requests,read_list,Yes,oci.resource_manager.list_work_requests,oci.resource_manager.list_work_requests,1,0,oci.resource_manager.list_work_requests[ocid|compartment_id|name|status|time_created|freeform_tags|defined_tags],"contains, equals, in, not_equals",,ResourceManagerClient().list_work_requests(compartment_id=compartment_id).data,/20160918/workRequests
oci,resource_manager,work_request.time_created,item.work_request.time_created,string,No,oci.resource_manager.list_work_requests,read_list,Yes,oci.resource_manager.list_work_requests,oci.resource_manager.list_work_requests,1,0,oci.resource_manager.list_work_requests[ocid|compartment_id|name|status|time_created|freeform_tags|defined_tags],"contains, equals, exists, in, not_equals",exists,ResourceManagerClient().list_work_requests(compartment_id=compartment_id).data,/20160918/workRequests
oci,resource_manager,work_request.freeform_tags,item.work_request.freeform_tags,object,No,oci.resource_manager.list_work_requests,read_list,Yes,oci.resource_manager.list_work_requests,oci.resource_manager.list_work_requests,1,0,oci.resource_manager.list_work_requests[ocid|compartment_id|name|status|time_created|freeform_tags|defined_tags],"exists, not_empty","exists, not_empty",ResourceManagerClient().list_work_requests(compartment_id=compartment_id).data,/20160918/workRequests
oci,resource_manager,work_request.defined_tags,item.work_request.defined_tags,object,No,oci.resource_manager.list_work_requests,read_list,Yes,oci.resource_manager.list_work_requests,oci.resource_manager.list_work_requests,1,0,oci.resource_manager.list_work_requests[ocid|compartment_id|name|status|time_created|freeform_tags|defined_tags],"exists, not_empty","exists, not_empty",ResourceManagerClient().list_work_requests(compartment_id=compartment_id).data,/20160918/workRequests
oci,resource_manager,job_associated_resourc.name,item.job_associated_resourc.name,string,No,oci.resource_manager.list_job_associated_resources,read_list,Yes,oci.resource_manager.list_job_associated_resources,oci.resource_manager.list_job_associated_resources,1,0,oci.resource_manager.list_job_associated_resources[ocid|compartment_id|name|status|time_created|freeform_tags|defined_tags],"contains, equals, in, not_equals",,ResourceManagerClient().list_job_associated_resources(compartment_id=compartment_id).data,/20160918/jobAssociatedResources
oci,resource_manager,job_associated_resourc.status,item.job_associated_resourc.status,string,No,oci.resource_manager.list_job_associated_resources,read_list,Yes,oci.resource_manager.list_job_associated_resources,oci.resource_manager.list_job_associated_resources,1,0,oci.resource_manager.list_job_associated_resources[ocid|compartment_id|name|status|time_created|freeform_tags|defined_tags],"contains, equals, in, not_equals",,ResourceManagerClient().list_job_associated_resources(compartment_id=compartment_id).data,/20160918/jobAssociatedResources
oci,resource_manager,job_associated_resourc.time_created,item.job_associated_resourc.time_created,string,No,oci.resource_manager.list_job_associated_resources,read_list,Yes,oci.resource_manager.list_job_associated_resources,oci.resource_manager.list_job_associated_resources,1,0,oci.resource_manager.list_job_associated_resources[ocid|compartment_id|name|status|time_created|freeform_tags|defined_tags],"contains, equals, exists, in, not_equals",exists,ResourceManagerClient().list_job_associated_resources(compartment_id=compartment_id).data,/20160918/jobAssociatedResources
oci,resource_manager,job_associated_resourc.freeform_tags,item.job_associated_resourc.freeform_tags,object,No,oci.resource_manager.list_job_associated_resources,read_list,Yes,oci.resource_manager.list_job_associated_resources,oci.resource_manager.list_job_associated_resources,1,0,oci.resource_manager.list_job_associated_resources[ocid|compartment_id|name|status|time_created|freeform_tags|defined_tags],"exists, not_empty","exists, not_empty",ResourceManagerClient().list_job_associated_resources(compartment_id=compartment_id).data,/20160918/jobAssociatedResources
oci,resource_manager,job_associated_resourc.defined_tags,item.job_associated_resourc.defined_tags,object,No,oci.resource_manager.list_job_associated_resources,read_list,Yes,oci.resource_manager.list_job_associated_resources,oci.resource_manager.list_job_associated_resources,1,0,oci.resource_manager.list_job_associated_resources[ocid|compartment_id|name|status|time_created|freeform_tags|defined_tags],"exists, not_empty","exists, not_empty",ResourceManagerClient().list_job_associated_resources(compartment_id=compartment_id).data,/20160918/jobAssociatedResources
oci,resource_manager,job_output.name,item.job_output.name,string,No,oci.resource_manager.list_job_outputs,read_list,Yes,oci.resource_manager.list_job_outputs,oci.resource_manager.list_job_outputs,1,0,oci.resource_manager.list_job_outputs[ocid|compartment_id|name|status|time_created|freeform_tags|defined_tags],"contains, equals, in, not_equals",,ResourceManagerClient().list_job_outputs(compartment_id=compartment_id).data,/20160918/jobOutputs
oci,resource_manager,job_output.status,item.job_output.status,string,No,oci.resource_manager.list_job_outputs,read_list,Yes,oci.resource_manager.list_job_outputs,oci.resource_manager.list_job_outputs,1,0,oci.resource_manager.list_job_outputs[ocid|compartment_id|name|status|time_created|freeform_tags|defined_tags],"contains, equals, in, not_equals",,ResourceManagerClient().list_job_outputs(compartment_id=compartment_id).data,/20160918/jobOutputs
oci,resource_manager,job_output.time_created,item.job_output.time_created,string,No,oci.resource_manager.list_job_outputs,read_list,Yes,oci.resource_manager.list_job_outputs,oci.resource_manager.list_job_outputs,1,0,oci.resource_manager.list_job_outputs[ocid|compartment_id|name|status|time_created|freeform_tags|defined_tags],"contains, equals, exists, in, not_equals",exists,ResourceManagerClient().list_job_outputs(compartment_id=compartment_id).data,/20160918/jobOutputs
oci,resource_manager,job_output.freeform_tags,item.job_output.freeform_tags,object,No,oci.resource_manager.list_job_outputs,read_list,Yes,oci.resource_manager.list_job_outputs,oci.resource_manager.list_job_outputs,1,0,oci.resource_manager.list_job_outputs[ocid|compartment_id|name|status|time_created|freeform_tags|defined_tags],"exists, not_empty","exists, not_empty",ResourceManagerClient().list_job_outputs(compartment_id=compartment_id).data,/20160918/jobOutputs
oci,resource_manager,job_output.defined_tags,item.job_output.defined_tags,object,No,oci.resource_manager.list_job_outputs,read_list,Yes,oci.resource_manager.list_job_outputs,oci.resource_manager.list_job_outputs,1,0,oci.resource_manager.list_job_outputs[ocid|compartment_id|name|status|time_created|freeform_tags|defined_tags],"exists, not_empty","exists, not_empty",ResourceManagerClient().list_job_outputs(compartment_id=compartment_id).data,/20160918/jobOutputs
oci,resource_manager,resource_discovery_servic.name,item.resource_discovery_servic.name,string,No,oci.resource_manager.list_resource_discovery_services,read_list,Yes,oci.resource_manager.list_resource_discovery_services,oci.resource_manager.list_resource_discovery_services,1,0,oci.resource_manager.list_resource_discovery_services[ocid|compartment_id|name|status|time_created|freeform_tags|defined_tags],"contains, equals, in, not_equals",,ResourceManagerClient().list_resource_discovery_services(compartment_id=compartment_id).data,/20160918/resourceDiscoveryServices
oci,resource_manager,resource_discovery_servic.status,item.resource_discovery_servic.status,string,No,oci.resource_manager.list_resource_discovery_services,read_list,Yes,oci.resource_manager.list_resource_discovery_services,oci.resource_manager.list_resource_discovery_services,1,0,oci.resource_manager.list_resource_discovery_services[ocid|compartment_id|name|status|time_created|freeform_tags|defined_tags],"contains, equals, in, not_equals",,ResourceManagerClient().list_resource_discovery_services(compartment_id=compartment_id).data,/20160918/resourceDiscoveryServices
oci,resource_manager,resource_discovery_servic.time_created,item.resource_discovery_servic.time_created,string,No,oci.resource_manager.list_resource_discovery_services,read_list,Yes,oci.resource_manager.list_resource_discovery_services,oci.resource_manager.list_resource_discovery_services,1,0,oci.resource_manager.list_resource_discovery_services[ocid|compartment_id|name|status|time_created|freeform_tags|defined_tags],"contains, equals, exists, in, not_equals",exists,ResourceManagerClient().list_resource_discovery_services(compartment_id=compartment_id).data,/20160918/resourceDiscoveryServices
oci,resource_manager,resource_discovery_servic.freeform_tags,item.resource_discovery_servic.freeform_tags,object,No,oci.resource_manager.list_resource_discovery_services,read_list,Yes,oci.resource_manager.list_resource_discovery_services,oci.resource_manager.list_resource_discovery_services,1,0,oci.resource_manager.list_resource_discovery_services[ocid|compartment_id|name|status|time_created|freeform_tags|defined_tags],"exists, not_empty","exists, not_empty",ResourceManagerClient().list_resource_discovery_services(compartment_id=compartment_id).data,/20160918/resourceDiscoveryServices
oci,resource_manager,resource_discovery_servic.defined_tags,item.resource_discovery_servic.defined_tags,object,No,oci.resource_manager.list_resource_discovery_services,read_list,Yes,oci.resource_manager.list_resource_discovery_services,oci.resource_manager.list_resource_discovery_services,1,0,oci.resource_manager.list_resource_discovery_services[ocid|compartment_id|name|status|time_created|freeform_tags|defined_tags],"exists, not_empty","exists, not_empty",ResourceManagerClient().list_resource_discovery_services(compartment_id=compartment_id).data,/20160918/resourceDiscoveryServices
oci,resource_manager,stack_associated_resourc.name,item.stack_associated_resourc.name,string,No,oci.resource_manager.list_stack_associated_resources,read_list,Yes,oci.resource_manager.list_stack_associated_resources,oci.resource_manager.list_stack_associated_resources,1,0,oci.resource_manager.list_stack_associated_resources[ocid|compartment_id|name|status|time_created|freeform_tags|defined_tags],"contains, equals, in, not_equals",,ResourceManagerClient().list_stack_associated_resources(compartment_id=compartment_id).data,/20160918/stackAssociatedResources
oci,resource_manager,stack_associated_resourc.status,item.stack_associated_resourc.status,string,No,oci.resource_manager.list_stack_associated_resources,read_list,Yes,oci.resource_manager.list_stack_associated_resources,oci.resource_manager.list_stack_associated_resources,1,0,oci.resource_manager.list_stack_associated_resources[ocid|compartment_id|name|status|time_created|freeform_tags|defined_tags],"contains, equals, in, not_equals",,ResourceManagerClient().list_stack_associated_resources(compartment_id=compartment_id).data,/20160918/stackAssociatedResources
oci,resource_manager,stack_associated_resourc.time_created,item.stack_associated_resourc.time_created,string,No,oci.resource_manager.list_stack_associated_resources,read_list,Yes,oci.resource_manager.list_stack_associated_resources,oci.resource_manager.list_stack_associated_resources,1,0,oci.resource_manager.list_stack_associated_resources[ocid|compartment_id|name|status|time_created|freeform_tags|defined_tags],"contains, equals, exists, in, not_equals",exists,ResourceManagerClient().list_stack_associated_resources(compartment_id=compartment_id).data,/20160918/stackAssociatedResources
oci,resource_manager,stack_associated_resourc.freeform_tags,item.stack_associated_resourc.freeform_tags,object,No,oci.resource_manager.list_stack_associated_resources,read_list,Yes,oci.resource_manager.list_stack_associated_resources,oci.resource_manager.list_stack_associated_resources,1,0,oci.resource_manager.list_stack_associated_resources[ocid|compartment_id|name|status|time_created|freeform_tags|defined_tags],"exists, not_empty","exists, not_empty",ResourceManagerClient().list_stack_associated_resources(compartment_id=compartment_id).data,/20160918/stackAssociatedResources
oci,resource_manager,stack_associated_resourc.defined_tags,item.stack_associated_resourc.defined_tags,object,No,oci.resource_manager.list_stack_associated_resources,read_list,Yes,oci.resource_manager.list_stack_associated_resources,oci.resource_manager.list_stack_associated_resources,1,0,oci.resource_manager.list_stack_associated_resources[ocid|compartment_id|name|status|time_created|freeform_tags|defined_tags],"exists, not_empty","exists, not_empty",ResourceManagerClient().list_stack_associated_resources(compartment_id=compartment_id).data,/20160918/stackAssociatedResources
oci,resource_manager,stack_resource_drift_detail.name,item.stack_resource_drift_detail.name,string,No,oci.resource_manager.list_stack_resource_drift_details,read_list,Yes,oci.resource_manager.list_stack_resource_drift_details,oci.resource_manager.list_stack_resource_drift_details,1,0,oci.resource_manager.list_stack_resource_drift_details[ocid|compartment_id|name|status|time_created|freeform_tags|defined_tags],"contains, equals, in, not_equals",,ResourceManagerClient().list_stack_resource_drift_details(compartment_id=compartment_id).data,/20160918/stackResourceDriftDetails
oci,resource_manager,stack_resource_drift_detail.status,item.stack_resource_drift_detail.status,string,No,oci.resource_manager.list_stack_resource_drift_details,read_list,Yes,oci.resource_manager.list_stack_resource_drift_details,oci.resource_manager.list_stack_resource_drift_details,1,0,oci.resource_manager.list_stack_resource_drift_details[ocid|compartment_id|name|status|time_created|freeform_tags|defined_tags],"contains, equals, in, not_equals",,ResourceManagerClient().list_stack_resource_drift_details(compartment_id=compartment_id).data,/20160918/stackResourceDriftDetails
oci,resource_manager,stack_resource_drift_detail.time_created,item.stack_resource_drift_detail.time_created,string,No,oci.resource_manager.list_stack_resource_drift_details,read_list,Yes,oci.resource_manager.list_stack_resource_drift_details,oci.resource_manager.list_stack_resource_drift_details,1,0,oci.resource_manager.list_stack_resource_drift_details[ocid|compartment_id|name|status|time_created|freeform_tags|defined_tags],"contains, equals, exists, in, not_equals",exists,ResourceManagerClient().list_stack_resource_drift_details(compartment_id=compartment_id).data,/20160918/stackResourceDriftDetails
oci,resource_manager,stack_resource_drift_detail.freeform_tags,item.stack_resource_drift_detail.freeform_tags,object,No,oci.resource_manager.list_stack_resource_drift_details,read_list,Yes,oci.resource_manager.list_stack_resource_drift_details,oci.resource_manager.list_stack_resource_drift_details,1,0,oci.resource_manager.list_stack_resource_drift_details[ocid|compartment_id|name|status|time_created|freeform_tags|defined_tags],"exists, not_empty","exists, not_empty",ResourceManagerClient().list_stack_resource_drift_details(compartment_id=compartment_id).data,/20160918/stackResourceDriftDetails
oci,resource_manager,stack_resource_drift_detail.defined_tags,item.stack_resource_drift_detail.defined_tags,object,No,oci.resource_manager.list_stack_resource_drift_details,read_list,Yes,oci.resource_manager.list_stack_resource_drift_details,oci.resource_manager.list_stack_resource_drift_details,1,0,oci.resource_manager.list_stack_resource_drift_details[ocid|compartment_id|name|status|time_created|freeform_tags|defined_tags],"exists, not_empty","exists, not_empty",ResourceManagerClient().list_stack_resource_drift_details(compartment_id=compartment_id).data,/20160918/stackResourceDriftDetails
oci,resource_manager,template_category.name,item.template_category.name,string,No,oci.resource_manager.list_template_categories,read_list,Yes,oci.resource_manager.list_template_categories,oci.resource_manager.list_template_categories,1,0,oci.resource_manager.list_template_categories[ocid|compartment_id|name|status|time_created|freeform_tags|defined_tags],"contains, equals, in, not_equals",,ResourceManagerClient().list_template_categories(compartment_id=compartment_id).data,/20160918/templateCategories
oci,resource_manager,template_category.status,item.template_category.status,string,No,oci.resource_manager.list_template_categories,read_list,Yes,oci.resource_manager.list_template_categories,oci.resource_manager.list_template_categories,1,0,oci.resource_manager.list_template_categories[ocid|compartment_id|name|status|time_created|freeform_tags|defined_tags],"contains, equals, in, not_equals",,ResourceManagerClient().list_template_categories(compartment_id=compartment_id).data,/20160918/templateCategories
oci,resource_manager,template_category.time_created,item.template_category.time_created,string,No,oci.resource_manager.list_template_categories,read_list,Yes,oci.resource_manager.list_template_categories,oci.resource_manager.list_template_categories,1,0,oci.resource_manager.list_template_categories[ocid|compartment_id|name|status|time_created|freeform_tags|defined_tags],"contains, equals, exists, in, not_equals",exists,ResourceManagerClient().list_template_categories(compartment_id=compartment_id).data,/20160918/templateCategories
oci,resource_manager,template_category.freeform_tags,item.template_category.freeform_tags,object,No,oci.resource_manager.list_template_categories,read_list,Yes,oci.resource_manager.list_template_categories,oci.resource_manager.list_template_categories,1,0,oci.resource_manager.list_template_categories[ocid|compartment_id|name|status|time_created|freeform_tags|defined_tags],"exists, not_empty","exists, not_empty",ResourceManagerClient().list_template_categories(compartment_id=compartment_id).data,/20160918/templateCategories
oci,resource_manager,template_category.defined_tags,item.template_category.defined_tags,object,No,oci.resource_manager.list_template_categories,read_list,Yes,oci.resource_manager.list_template_categories,oci.resource_manager.list_template_categories,1,0,oci.resource_manager.list_template_categories[ocid|compartment_id|name|status|time_created|freeform_tags|defined_tags],"exists, not_empty","exists, not_empty",ResourceManagerClient().list_template_categories(compartment_id=compartment_id).data,/20160918/templateCategories
oci,resource_manager,templat.name,item.templat.name,string,No,oci.resource_manager.list_templates,read_list,Yes,oci.resource_manager.list_templates,oci.resource_manager.list_templates,1,0,oci.resource_manager.list_templates[ocid|compartment_id|name|status|time_created|freeform_tags|defined_tags],"contains, equals, in, not_equals",,ResourceManagerClient().list_templates(compartment_id=compartment_id).data,/20160918/templates
oci,resource_manager,templat.status,item.templat.status,string,No,oci.resource_manager.list_templates,read_list,Yes,oci.resource_manager.list_templates,oci.resource_manager.list_templates,1,0,oci.resource_manager.list_templates[ocid|compartment_id|name|status|time_created|freeform_tags|defined_tags],"contains, equals, in, not_equals",,ResourceManagerClient().list_templates(compartment_id=compartment_id).data,/20160918/templates
oci,resource_manager,templat.time_created,item.templat.time_created,string,No,oci.resource_manager.list_templates,read_list,Yes,oci.resource_manager.list_templates,oci.resource_manager.list_templates,1,0,oci.resource_manager.list_templates[ocid|compartment_id|name|status|time_created|freeform_tags|defined_tags],"contains, equals, exists, in, not_equals",exists,ResourceManagerClient().list_templates(compartment_id=compartment_id).data,/20160918/templates
oci,resource_manager,templat.freeform_tags,item.templat.freeform_tags,object,No,oci.resource_manager.list_templates,read_list,Yes,oci.resource_manager.list_templates,oci.resource_manager.list_templates,1,0,oci.resource_manager.list_templates[ocid|compartment_id|name|status|time_created|freeform_tags|defined_tags],"exists, not_empty","exists, not_empty",ResourceManagerClient().list_templates(compartment_id=compartment_id).data,/20160918/templates
oci,resource_manager,templat.defined_tags,item.templat.defined_tags,object,No,oci.resource_manager.list_templates,read_list,Yes,oci.resource_manager.list_templates,oci.resource_manager.list_templates,1,0,oci.resource_manager.list_templates[ocid|compartment_id|name|status|time_created|freeform_tags|defined_tags],"exists, not_empty","exists, not_empty",ResourceManagerClient().list_templates(compartment_id=compartment_id).data,/20160918/templates
oci,resource_manager,terraform_version.name,item.terraform_version.name,string,No,oci.resource_manager.list_terraform_versions,read_list,Yes,oci.resource_manager.list_terraform_versions,oci.resource_manager.list_terraform_versions,1,0,oci.resource_manager.list_terraform_versions[ocid|compartment_id|name|status|time_created|freeform_tags|defined_tags],"contains, equals, in, not_equals",,ResourceManagerClient().list_terraform_versions(compartment_id=compartment_id).data,/20160918/terraformVersions
oci,resource_manager,terraform_version.status,item.terraform_version.status,string,No,oci.resource_manager.list_terraform_versions,read_list,Yes,oci.resource_manager.list_terraform_versions,oci.resource_manager.list_terraform_versions,1,0,oci.resource_manager.list_terraform_versions[ocid|compartment_id|name|status|time_created|freeform_tags|defined_tags],"contains, equals, in, not_equals",,ResourceManagerClient().list_terraform_versions(compartment_id=compartment_id).data,/20160918/terraformVersions
oci,resource_manager,terraform_version.time_created,item.terraform_version.time_created,string,No,oci.resource_manager.list_terraform_versions,read_list,Yes,oci.resource_manager.list_terraform_versions,oci.resource_manager.list_terraform_versions,1,0,oci.resource_manager.list_terraform_versions[ocid|compartment_id|name|status|time_created|freeform_tags|defined_tags],"contains, equals, exists, in, not_equals",exists,ResourceManagerClient().list_terraform_versions(compartment_id=compartment_id).data,/20160918/terraformVersions
oci,resource_manager,terraform_version.freeform_tags,item.terraform_version.freeform_tags,object,No,oci.resource_manager.list_terraform_versions,read_list,Yes,oci.resource_manager.list_terraform_versions,oci.resource_manager.list_terraform_versions,1,0,oci.resource_manager.list_terraform_versions[ocid|compartment_id|name|status|time_created|freeform_tags|defined_tags],"exists, not_empty","exists, not_empty",ResourceManagerClient().list_terraform_versions(compartment_id=compartment_id).data,/20160918/terraformVersions
oci,resource_manager,terraform_version.defined_tags,item.terraform_version.defined_tags,object,No,oci.resource_manager.list_terraform_versions,read_list,Yes,oci.resource_manager.list_terraform_versions,oci.resource_manager.list_terraform_versions,1,0,oci.resource_manager.list_terraform_versions[ocid|compartment_id|name|status|time_created|freeform_tags|defined_tags],"exists, not_empty","exists, not_empty",ResourceManagerClient().list_terraform_versions(compartment_id=compartment_id).data,/20160918/terraformVersions
oci,resource_manager,work_request_error.name,item.work_request_error.name,string,No,oci.resource_manager.list_work_request_errors,read_list,Yes,oci.resource_manager.list_work_request_errors,oci.resource_manager.list_work_request_errors,1,0,oci.resource_manager.list_work_request_errors[ocid|compartment_id|name|status|time_created|freeform_tags|defined_tags],"contains, equals, in, not_equals",,ResourceManagerClient().list_work_request_errors(compartment_id=compartment_id).data,/20160918/workRequestErrors
oci,resource_manager,work_request_error.status,item.work_request_error.status,string,No,oci.resource_manager.list_work_request_errors,read_list,Yes,oci.resource_manager.list_work_request_errors,oci.resource_manager.list_work_request_errors,1,0,oci.resource_manager.list_work_request_errors[ocid|compartment_id|name|status|time_created|freeform_tags|defined_tags],"contains, equals, in, not_equals",,ResourceManagerClient().list_work_request_errors(compartment_id=compartment_id).data,/20160918/workRequestErrors
oci,resource_manager,work_request_error.time_created,item.work_request_error.time_created,string,No,oci.resource_manager.list_work_request_errors,read_list,Yes,oci.resource_manager.list_work_request_errors,oci.resource_manager.list_work_request_errors,1,0,oci.resource_manager.list_work_request_errors[ocid|compartment_id|name|status|time_created|freeform_tags|defined_tags],"contains, equals, exists, in, not_equals",exists,ResourceManagerClient().list_work_request_errors(compartment_id=compartment_id).data,/20160918/workRequestErrors
oci,resource_manager,work_request_error.freeform_tags,item.work_request_error.freeform_tags,object,No,oci.resource_manager.list_work_request_errors,read_list,Yes,oci.resource_manager.list_work_request_errors,oci.resource_manager.list_work_request_errors,1,0,oci.resource_manager.list_work_request_errors[ocid|compartment_id|name|status|time_created|freeform_tags|defined_tags],"exists, not_empty","exists, not_empty",ResourceManagerClient().list_work_request_errors(compartment_id=compartment_id).data,/20160918/workRequestErrors
oci,resource_manager,work_request_error.defined_tags,item.work_request_error.defined_tags,object,No,oci.resource_manager.list_work_request_errors,read_list,Yes,oci.resource_manager.list_work_request_errors,oci.resource_manager.list_work_request_errors,1,0,oci.resource_manager.list_work_request_errors[ocid|compartment_id|name|status|time_created|freeform_tags|defined_tags],"exists, not_empty","exists, not_empty",ResourceManagerClient().list_work_request_errors(compartment_id=compartment_id).data,/20160918/workRequestErrors
oci,resource_manager,work_request_log.name,item.work_request_log.name,string,No,oci.resource_manager.list_work_request_logs,read_list,Yes,oci.resource_manager.list_work_request_logs,oci.resource_manager.list_work_request_logs,1,0,oci.resource_manager.list_work_request_logs[ocid|compartment_id|name|status|time_created|freeform_tags|defined_tags],"contains, equals, in, not_equals",,ResourceManagerClient().list_work_request_logs(compartment_id=compartment_id).data,/20160918/workRequestLogs
oci,resource_manager,work_request_log.status,item.work_request_log.status,string,No,oci.resource_manager.list_work_request_logs,read_list,Yes,oci.resource_manager.list_work_request_logs,oci.resource_manager.list_work_request_logs,1,0,oci.resource_manager.list_work_request_logs[ocid|compartment_id|name|status|time_created|freeform_tags|defined_tags],"contains, equals, in, not_equals",,ResourceManagerClient().list_work_request_logs(compartment_id=compartment_id).data,/20160918/workRequestLogs
oci,resource_manager,work_request_log.time_created,item.work_request_log.time_created,string,No,oci.resource_manager.list_work_request_logs,read_list,Yes,oci.resource_manager.list_work_request_logs,oci.resource_manager.list_work_request_logs,1,0,oci.resource_manager.list_work_request_logs[ocid|compartment_id|name|status|time_created|freeform_tags|defined_tags],"contains, equals, exists, in, not_equals",exists,ResourceManagerClient().list_work_request_logs(compartment_id=compartment_id).data,/20160918/workRequestLogs
oci,resource_manager,work_request_log.freeform_tags,item.work_request_log.freeform_tags,object,No,oci.resource_manager.list_work_request_logs,read_list,Yes,oci.resource_manager.list_work_request_logs,oci.resource_manager.list_work_request_logs,1,0,oci.resource_manager.list_work_request_logs[ocid|compartment_id|name|status|time_created|freeform_tags|defined_tags],"exists, not_empty","exists, not_empty",ResourceManagerClient().list_work_request_logs(compartment_id=compartment_id).data,/20160918/workRequestLogs
oci,resource_manager,work_request_log.defined_tags,item.work_request_log.defined_tags,object,No,oci.resource_manager.list_work_request_logs,read_list,Yes,oci.resource_manager.list_work_request_logs,oci.resource_manager.list_work_request_logs,1,0,oci.resource_manager.list_work_request_logs[ocid|compartment_id|name|status|time_created|freeform_tags|defined_tags],"exists, not_empty","exists, not_empty",ResourceManagerClient().list_work_request_logs(compartment_id=compartment_id).data,/20160918/workRequestLogs
oci,resource_manager,stack.compartment_id,item.stack.compartment_id,string,No,oci.resource_manager.list_stack_resource_drift_details,read_list,Yes,oci.resource_manager.list_stack_resource_drift_details,oci.resource_manager.list_stack_resource_drift_details,1,0,oci.resource_manager.list_stack_resource_drift_details[ocid|compartment_id|name|status|time_created|freeform_tags|defined_tags],"equals, exists, not_equals",exists,ResourceManagerClient().list_stack_resource_drift_details(compartment_id=compartment_id).data,/20160918/stackResourceDriftDetails
oci,resource_manager,stack.config_source,item.stack.config_source,object,No,oci.resource_manager.get_stack,read_get,No,oci.resource_manager.list_stacks,oci.resource_manager.list_stacks → oci.resource_manager.get_stack,2,1,oci.resource_manager.list_stacks[ocid|compartment_id|name|status|time_created|freeform_tags|defined_tags] → oci.resource_manager.get_stack[ocid|compartment_id|name|status|time_created|freeform_tags|defined_tags|variables|... +2],"contains, equals, in, not_equals",,"ResourceManagerClient().get_stack(compartment_id=compartment_id, stack_id=stack_id).data",/20160918/stacks/{StackId}
oci,resource_manager,stack.custom_terraform_provider,item.stack.custom_terraform_provider,string,No,oci.resource_manager.list_stacks,read_list,Yes,oci.resource_manager.list_stacks,oci.resource_manager.list_stacks,1,0,oci.resource_manager.list_stacks[ocid|compartment_id|name|status|time_created|freeform_tags|defined_tags],"contains, equals, in, not_equals",,ResourceManagerClient().list_stacks(compartment_id=compartment_id).data,/20160918/stacks
oci,resource_manager,stack.description,item.stack.description,string,No,oci.resource_manager.list_stacks,read_list,Yes,oci.resource_manager.list_stacks,oci.resource_manager.list_stacks,1,0,oci.resource_manager.list_stacks[ocid|compartment_id|name|status|time_created|freeform_tags|defined_tags],"contains, equals, in, not_equals",,ResourceManagerClient().list_stacks(compartment_id=compartment_id).data,/20160918/stacks
oci,resource_manager,stack.display_name,item.stack.display_name,string,No,oci.resource_manager.list_stacks,read_list,Yes,oci.resource_manager.list_stacks,oci.resource_manager.list_stacks,1,0,oci.resource_manager.list_stacks[ocid|compartment_id|name|status|time_created|freeform_tags|defined_tags],"contains, equals, in, not_equals",,ResourceManagerClient().list_stacks(compartment_id=compartment_id).data,/20160918/stacks
oci,resource_manager,stack.id,item.stack.id,string,No,oci.resource_manager.list_stacks,read_list,Yes,oci.resource_manager.list_stacks,oci.resource_manager.list_stacks,1,0,oci.resource_manager.list_stacks[ocid|compartment_id|name|status|time_created|freeform_tags|defined_tags],"contains, equals, in, not_equals",,ResourceManagerClient().list_stacks(compartment_id=compartment_id).data,/20160918/stacks
oci,resource_manager,stack.is_third_party_provider_experience_enabled,item.stack.is_third_party_provider_experience_enabled,boolean,No,oci.resource_manager.list_stacks,read_list,Yes,oci.resource_manager.list_stacks,oci.resource_manager.list_stacks,1,0,oci.resource_manager.list_stacks[ocid|compartment_id|name|status|time_created|freeform_tags|defined_tags],"equals, not_equals",,ResourceManagerClient().list_stacks(compartment_id=compartment_id).data,/20160918/stacks
oci,resource_manager,stack.lifecycle_state,item.stack.lifecycle_state,string,No,oci.resource_manager.list_stacks,read_list,Yes,oci.resource_manager.list_stacks,oci.resource_manager.list_stacks,1,0,oci.resource_manager.list_stacks[ocid|compartment_id|name|status|time_created|freeform_tags|defined_tags],"contains, equals, in, not_equals",,ResourceManagerClient().list_stacks(compartment_id=compartment_id).data,/20160918/stacks
oci,resource_manager,stack.stack_drift_status,item.stack.stack_drift_status,string,No,oci.resource_manager.list_stacks,read_list,Yes,oci.resource_manager.list_stacks,oci.resource_manager.list_stacks,1,0,oci.resource_manager.list_stacks[ocid|compartment_id|name|status|time_created|freeform_tags|defined_tags],"contains, equals, in, not_equals",,ResourceManagerClient().list_stacks(compartment_id=compartment_id).data,/20160918/stacks
oci,resource_manager,stack.system_tags,item.stack.system_tags,object,No,oci.resource_manager.list_stacks,read_list,Yes,oci.resource_manager.list_stacks,oci.resource_manager.list_stacks,1,0,oci.resource_manager.list_stacks[ocid|compartment_id|name|status|time_created|freeform_tags|defined_tags],"exists, not_empty","exists, not_empty",ResourceManagerClient().list_stacks(compartment_id=compartment_id).data,/20160918/stacks
oci,resource_manager,stack.terraform_version,item.stack.terraform_version,string,No,oci.resource_manager.list_stacks,read_list,Yes,oci.resource_manager.list_stacks,oci.resource_manager.list_stacks,1,0,oci.resource_manager.list_stacks[ocid|compartment_id|name|status|time_created|freeform_tags|defined_tags],"contains, equals, in, not_equals",,ResourceManagerClient().list_stacks(compartment_id=compartment_id).data,/20160918/stacks
oci,resource_manager,stack.time_drift_last_checked,item.stack.time_drift_last_checked,string,No,oci.resource_manager.list_stacks,read_list,Yes,oci.resource_manager.list_stacks,oci.resource_manager.list_stacks,1,0,oci.resource_manager.list_stacks[ocid|compartment_id|name|status|time_created|freeform_tags|defined_tags],"contains, equals, exists, in, not_equals",exists,ResourceManagerClient().list_stacks(compartment_id=compartment_id).data,/20160918/stacks
oci,resource_manager,stack.variables,item.stack.variables,string,No,oci.resource_manager.get_stack,read_get,No,oci.resource_manager.list_stacks,oci.resource_manager.list_stacks → oci.resource_manager.get_stack,2,1,oci.resource_manager.list_stacks[ocid|compartment_id|name|status|time_created|freeform_tags|defined_tags] → oci.resource_manager.get_stack[ocid|compartment_id|name|status|time_created|freeform_tags|defined_tags|variables|... +2],"contains, equals, in, not_equals",,"ResourceManagerClient().get_stack(compartment_id=compartment_id, stack_id=stack_id).data",/20160918/stacks/{StackId}
oci,resource_manager,job.apply_job_plan_resolution,item.job.apply_job_plan_resolution,string,No,oci.resource_manager.list_jobs,read_list,Yes,oci.resource_manager.list_jobs,oci.resource_manager.list_jobs,1,0,oci.resource_manager.list_jobs[ocid|compartment_id|name|status|time_created|freeform_tags|defined_tags],"contains, equals, in, not_equals",,ResourceManagerClient().list_jobs(compartment_id=compartment_id).data,/20160918/jobs
oci,resource_manager,job.cancellation_details,item.job.cancellation_details,object,No,oci.resource_manager.list_jobs,read_list,Yes,oci.resource_manager.list_jobs,oci.resource_manager.list_jobs,1,0,oci.resource_manager.list_jobs[ocid|compartment_id|name|status|time_created|freeform_tags|defined_tags],"contains, equals, in, not_equals",,ResourceManagerClient().list_jobs(compartment_id=compartment_id).data,/20160918/jobs
oci,resource_manager,job.compartment_id,item.job.compartment_id,string,No,oci.resource_manager.list_job_associated_resources,read_list,Yes,oci.resource_manager.list_job_associated_resources,oci.resource_manager.list_job_associated_resources,1,0,oci.resource_manager.list_job_associated_resources[ocid|compartment_id|name|status|time_created|freeform_tags|defined_tags],"equals, exists, not_equals",exists,ResourceManagerClient().list_job_associated_resources(compartment_id=compartment_id).data,/20160918/jobAssociatedResources
oci,resource_manager,job.config_source,item.job.config_source,object,No,oci.resource_manager.get_stack,read_get,No,oci.resource_manager.list_stacks,oci.resource_manager.list_stacks → oci.resource_manager.get_stack,2,1,oci.resource_manager.list_stacks[ocid|compartment_id|name|status|time_created|freeform_tags|defined_tags] → oci.resource_manager.get_stack[ocid|compartment_id|name|status|time_created|freeform_tags|defined_tags|variables|... +2],"contains, equals, in, not_equals",,"ResourceManagerClient().get_stack(compartment_id=compartment_id, stack_id=stack_id).data",/20160918/stacks/{StackId}
oci,resource_manager,job.display_name,item.job.display_name,string,No,oci.resource_manager.list_jobs,read_list,Yes,oci.resource_manager.list_jobs,oci.resource_manager.list_jobs,1,0,oci.resource_manager.list_jobs[ocid|compartment_id|name|status|time_created|freeform_tags|defined_tags],"contains, equals, in, not_equals",,ResourceManagerClient().list_jobs(compartment_id=compartment_id).data,/20160918/jobs
oci,resource_manager,job.failure_details,item.job.failure_details,object,No,oci.resource_manager.list_jobs,read_list,Yes,oci.resource_manager.list_jobs,oci.resource_manager.list_jobs,1,0,oci.resource_manager.list_jobs[ocid|compartment_id|name|status|time_created|freeform_tags|defined_tags],"contains, equals, in, not_equals",,ResourceManagerClient().list_jobs(compartment_id=compartment_id).data,/20160918/jobs
oci,resource_manager,job.id,item.job.id,string,No,oci.resource_manager.list_jobs,read_list,Yes,oci.resource_manager.list_jobs,oci.resource_manager.list_jobs,1,0,oci.resource_manager.list_jobs[ocid|compartment_id|name|status|time_created|freeform_tags|defined_tags],"contains, equals, in, not_equals",,ResourceManagerClient().list_jobs(compartment_id=compartment_id).data,/20160918/jobs
oci,resource_manager,job.is_provider_upgrade_required,item.job.is_provider_upgrade_required,boolean,No,oci.resource_manager.list_jobs,read_list,Yes,oci.resource_manager.list_jobs,oci.resource_manager.list_jobs,1,0,oci.resource_manager.list_jobs[ocid|compartment_id|name|status|time_created|freeform_tags|defined_tags],"equals, not_equals",,ResourceManagerClient().list_jobs(compartment_id=compartment_id).data,/20160918/jobs
oci,resource_manager,job.is_third_party_provider_experience_enabled,item.job.is_third_party_provider_experience_enabled,boolean,No,oci.resource_manager.list_jobs,read_list,Yes,oci.resource_manager.list_jobs,oci.resource_manager.list_jobs,1,0,oci.resource_manager.list_jobs[ocid|compartment_id|name|status|time_created|freeform_tags|defined_tags],"equals, not_equals",,ResourceManagerClient().list_jobs(compartment_id=compartment_id).data,/20160918/jobs
oci,resource_manager,job.job_operation_details,item.job.job_operation_details,object,No,oci.resource_manager.list_jobs,read_list,Yes,oci.resource_manager.list_jobs,oci.resource_manager.list_jobs,1,0,oci.resource_manager.list_jobs[ocid|compartment_id|name|status|time_created|freeform_tags|defined_tags],"contains, equals, in, not_equals",,ResourceManagerClient().list_jobs(compartment_id=compartment_id).data,/20160918/jobs
oci,resource_manager,job.lifecycle_state,item.job.lifecycle_state,string,No,oci.resource_manager.list_jobs,read_list,Yes,oci.resource_manager.list_jobs,oci.resource_manager.list_jobs,1,0,oci.resource_manager.list_jobs[ocid|compartment_id|name|status|time_created|freeform_tags|defined_tags],"contains, equals, in, not_equals",,ResourceManagerClient().list_jobs(compartment_id=compartment_id).data,/20160918/jobs
oci,resource_manager,job.operation,item.job.operation,string,No,oci.resource_manager.list_jobs,read_list,Yes,oci.resource_manager.list_jobs,oci.resource_manager.list_jobs,1,0,oci.resource_manager.list_jobs[ocid|compartment_id|name|status|time_created|freeform_tags|defined_tags],"contains, equals, in, not_equals",,ResourceManagerClient().list_jobs(compartment_id=compartment_id).data,/20160918/jobs
oci,resource_manager,job.resolved_plan_job_id,item.job.resolved_plan_job_id,string,No,oci.resource_manager.list_jobs,read_list,Yes,oci.resource_manager.list_jobs,oci.resource_manager.list_jobs,1,0,oci.resource_manager.list_jobs[ocid|compartment_id|name|status|time_created|freeform_tags|defined_tags],"equals, exists, not_equals",exists,ResourceManagerClient().list_jobs(compartment_id=compartment_id).data,/20160918/jobs
oci,resource_manager,job.stack_id,item.job.stack_id,string,No,oci.resource_manager.list_jobs,read_list,Yes,oci.resource_manager.list_jobs,oci.resource_manager.list_jobs,1,0,oci.resource_manager.list_jobs[ocid|compartment_id|name|status|time_created|freeform_tags|defined_tags],"equals, exists, not_equals",exists,ResourceManagerClient().list_jobs(compartment_id=compartment_id).data,/20160918/jobs
oci,resource_manager,job.system_tags,item.job.system_tags,object,No,oci.resource_manager.list_jobs,read_list,Yes,oci.resource_manager.list_jobs,oci.resource_manager.list_jobs,1,0,oci.resource_manager.list_jobs[ocid|compartment_id|name|status|time_created|freeform_tags|defined_tags],"exists, not_empty","exists, not_empty",ResourceManagerClient().list_jobs(compartment_id=compartment_id).data,/20160918/jobs
oci,resource_manager,job.time_finished,item.job.time_finished,string,No,oci.resource_manager.list_jobs,read_list,Yes,oci.resource_manager.list_jobs,oci.resource_manager.list_jobs,1,0,oci.resource_manager.list_jobs[ocid|compartment_id|name|status|time_created|freeform_tags|defined_tags],"contains, equals, exists, in, not_equals",exists,ResourceManagerClient().list_jobs(compartment_id=compartment_id).data,/20160918/jobs
oci,resource_manager,job.variables,item.job.variables,string,No,oci.resource_manager.get_stack,read_get,No,oci.resource_manager.list_stacks,oci.resource_manager.list_stacks → oci.resource_manager.get_stack,2,1,oci.resource_manager.list_stacks[ocid|compartment_id|name|status|time_created|freeform_tags|defined_tags] → oci.resource_manager.get_stack[ocid|compartment_id|name|status|time_created|freeform_tags|defined_tags|variables|... +2],"contains, equals, in, not_equals",,"ResourceManagerClient().get_stack(compartment_id=compartment_id, stack_id=stack_id).data",/20160918/stacks/{StackId}
oci,resource_manager,job.working_directory,item.job.working_directory,string,No,oci.resource_manager.get_stack,read_get,No,oci.resource_manager.list_stacks,oci.resource_manager.list_stacks → oci.resource_manager.get_stack,2,1,oci.resource_manager.list_stacks[ocid|compartment_id|name|status|time_created|freeform_tags|defined_tags] → oci.resource_manager.get_stack[ocid|compartment_id|name|status|time_created|freeform_tags|defined_tags|variables|... +2],"contains, equals, in, not_equals",,"ResourceManagerClient().get_stack(compartment_id=compartment_id, stack_id=stack_id).data",/20160918/stacks/{StackId}
oci,resource_manager,template.category_id,item.template.category_id,string,No,oci.resource_manager.list_templates,read_list,Yes,oci.resource_manager.list_templates,oci.resource_manager.list_templates,1,0,oci.resource_manager.list_templates[ocid|compartment_id|name|status|time_created|freeform_tags|defined_tags],"equals, exists, not_equals",exists,ResourceManagerClient().list_templates(compartment_id=compartment_id).data,/20160918/templates
oci,resource_manager,template.compartment_id,item.template.compartment_id,string,No,oci.resource_manager.list_template_categories,read_list,Yes,oci.resource_manager.list_template_categories,oci.resource_manager.list_template_categories,1,0,oci.resource_manager.list_template_categories[ocid|compartment_id|name|status|time_created|freeform_tags|defined_tags],"equals, exists, not_equals",exists,ResourceManagerClient().list_template_categories(compartment_id=compartment_id).data,/20160918/templateCategories
oci,resource_manager,template.description,item.template.description,string,No,oci.resource_manager.list_templates,read_list,Yes,oci.resource_manager.list_templates,oci.resource_manager.list_templates,1,0,oci.resource_manager.list_templates[ocid|compartment_id|name|status|time_created|freeform_tags|defined_tags],"contains, equals, in, not_equals",,ResourceManagerClient().list_templates(compartment_id=compartment_id).data,/20160918/templates
oci,resource_manager,template.display_name,item.template.display_name,string,No,oci.resource_manager.list_templates,read_list,Yes,oci.resource_manager.list_templates,oci.resource_manager.list_templates,1,0,oci.resource_manager.list_templates[ocid|compartment_id|name|status|time_created|freeform_tags|defined_tags],"contains, equals, in, not_equals",,ResourceManagerClient().list_templates(compartment_id=compartment_id).data,/20160918/templates
oci,resource_manager,template.id,item.template.id,string,No,oci.resource_manager.list_templates,read_list,Yes,oci.resource_manager.list_templates,oci.resource_manager.list_templates,1,0,oci.resource_manager.list_templates[ocid|compartment_id|name|status|time_created|freeform_tags|defined_tags],"contains, equals, in, not_equals",,ResourceManagerClient().list_templates(compartment_id=compartment_id).data,/20160918/templates
oci,resource_manager,template.is_free_tier,item.template.is_free_tier,boolean,No,oci.resource_manager.list_templates,read_list,Yes,oci.resource_manager.list_templates,oci.resource_manager.list_templates,1,0,oci.resource_manager.list_templates[ocid|compartment_id|name|status|time_created|freeform_tags|defined_tags],"equals, not_equals",,ResourceManagerClient().list_templates(compartment_id=compartment_id).data,/20160918/templates
oci,resource_manager,template.lifecycle_state,item.template.lifecycle_state,string,No,oci.resource_manager.list_templates,read_list,Yes,oci.resource_manager.list_templates,oci.resource_manager.list_templates,1,0,oci.resource_manager.list_templates[ocid|compartment_id|name|status|time_created|freeform_tags|defined_tags],"contains, equals, in, not_equals",,ResourceManagerClient().list_templates(compartment_id=compartment_id).data,/20160918/templates
oci,resource_manager,template.long_description,item.template.long_description,string,No,oci.resource_manager.list_templates,read_list,Yes,oci.resource_manager.list_templates,oci.resource_manager.list_templates,1,0,oci.resource_manager.list_templates[ocid|compartment_id|name|status|time_created|freeform_tags|defined_tags],"contains, equals, in, not_equals",,ResourceManagerClient().list_templates(compartment_id=compartment_id).data,/20160918/templates
oci,resource_manager,template.system_tags,item.template.system_tags,object,No,oci.resource_manager.list_templates,read_list,Yes,oci.resource_manager.list_templates,oci.resource_manager.list_templates,1,0,oci.resource_manager.list_templates[ocid|compartment_id|name|status|time_created|freeform_tags|defined_tags],"exists, not_empty","exists, not_empty",ResourceManagerClient().list_templates(compartment_id=compartment_id).data,/20160918/templates
oci,resource_manager,template.template_config_source,item.template.template_config_source,object,No,oci.resource_manager.list_templates,read_list,Yes,oci.resource_manager.list_templates,oci.resource_manager.list_templates,1,0,oci.resource_manager.list_templates[ocid|compartment_id|name|status|time_created|freeform_tags|defined_tags],"contains, equals, in, not_equals",,ResourceManagerClient().list_templates(compartment_id=compartment_id).data,/20160918/templates
